0
68 42
1 35

1
25 70
59 79

2
65 63
46 6

3
28 82
92 62

4
43 96
37 28

5
5 92
54 3

6
83 93
17 22

7
96 19
27 48

8
39 72
13 70

9
100 68
95 36

10
12 4
34 23

11
65 74
12 42

12
69 54
45 48

13
58 63
60 38

14
42 24
79 30

15
36 17
43 91

16
7 89
43 41

17
49 65
6 47

18
30 91
51 71

19
2 7
49 94

20
24 30
55 85

21
41 57
77 67

22
9 32
40 45

23
24 27
39 38

24
83 19
42 30

25
16 34
59 40

26
31 5
7 78

27
87 74
46 22

28
73 25
30 71

29
74 78
13 98

30
91 87
37 62

31
68 56
75 56

32
53 32
51 51

33
25 42
31 67

34
92 8
38 8

35
88 58
84 54

36
10 46
59 10

37
89 22
47 23

38
31 7
69 14

39
92 1
56 63

40
60 11
38 25

41
84 49
42 96

42
51 3
37 92

43
21 75
22 97

44
100 49
85 69

45
35 82
100 54

46
39 19
89 1

47
68 28
94 29

48
84 49
22 8

49
18 11
15 14

50
17 10
52 36

51
50 1
57 20

52
4 99
9 25

53
10 45
3 90

54
86 96
44 94

55
88 24
4 15

56
1 49
19 59

57
97 81
82 99

58
99 90
58 10

59
23 73
93 39

60
80 39
58 91

61
92 59
89 16

62
12 57
35 3

63
56 73
47 29

64
87 63
34 76

65
43 70
17 45

66
99 82
52 23

67
100 22
77 58

68
90 93
13 76

69
11 1
70 4

70
89 62
90 2

71
24 56
86 3

72
86 83
27 89

73
58 18
33 33

74
55 70
90 22

75
30 77
93 69

76
56 26
50 35

77
13 42
61 46

78
54 19
24 40

79
97 80
30 88

80
38 50
50 67

81
96 94
17 98

82
6 87
83 89

83
35 56
2 15

84
72 17
64 87

85
56 14
54 86

86
9 13
46 33

87
57 14
59 22

88
83 47
45 82

89
23 97
62 30

90
51 36
67 74

91
60 45
40 93

92
25 54
11 55

93
50 46
14 87

94
23 75
19 69

95
6 88
92 59

96
26 3
15 78

97
25 15
75 35

98
60 73
71 34

99
98 88
78 19

