1
-1
2
-1
3
79
4
-1
5
-1
6
-1
7
117
8
-1
9
1877
10
-1
11
-1
12
-1
13
-1
14
34
15
594
16
-1
17
-1
18
-1
19
-1
20
521
21
1111
22
1780
23
-1
24
3782
25
45
26
-1
27
1041
28
-1
29
968
30
-1
31
251
32
-1
33
1279
34
27
35
3380
36
605
37
2372
38
241
39
2821
40
56
41
1
42
492
43
160
44
1
45
-1
46
-1
47
467
48
1057
49
-1
50
-1
51
60
52
1141
53
1
54
43
55
75
56
232
57
2322
58
-1
59
13
60
-1
61
708
62
-1
63
-1
64
-1
65
1901
66
108
67
-1
68
-1
69
-1
70
-1
71
-1
72
1827
73
-1
74
-1
75
1062
76
-1
77
243
78
2864
79
-1
80
969
81
727
82
1661
83
759
84
872
85
2522
86
3082
87
221
88
1
89
-1
90
-1
91
2102
92
4078
93
1683
94
-1
95
-1
96
-1
97
42
98
3096
99
119
100
1438
101
-1
102
5374
103
744
104
83
105
21
106
744
107
2086
108
-1
109
384
110
3149
111
2019
112
1155
113
-1
114
-1
115
-1
116
-1
117
-1
118
-1
119
-1
120
-1
121
-1
122
565
123
2510
124
1969
125
-1
