5
50 3
1 8 13
0 2 24 4
1 3 7
2 12
0 0 1 3
1 0 0
1 1 1
0 0 0 4
0 1 1 2
1 0 1
1 1 1
1 0 0
1 1 1
1 0 1
0 0 1 1
0 0 0 1
80 12
0 9 62 4
0 46 70 6
1 18 38
0 23 34 1
0 42 53 9
0 30 54 1
1 11 47
0 41 53 2
1 55 73
0 19 48 4
0 16 40 5
0 8 72 9
83 22
1 30 36
0 46 78 9
0 14 16 1
1 56 69
0 31 51 8
1 7 58
0 66 70 7
1 53 79
1 71 81
1 18 38
1 1 13
1 19 32
1 30 37
1 6 29
1 41 76
0 0 16 7
1 8 73
0 61 69 9
1 46 49
0 33 71 7
0 26 49 2
0 77 80 5
14 23
1 5 12
1 3 12
0 5 9 4
1 0 2
1 0 9
0 8 13 7
0 8 13 5
0 5 6 6
0 8 11 4
1 3 3
0 1 11 8
1 6 13
1 2 8
1 1 3
0 0 13 7
0 4 7 5
0 7 13 1
0 4 11 8
0 5 9 4
0 5 8 9
0 0 2 5
1 2 5
1 2 5
