Case 1:
998
90
387
720
542
Case 2:
96
547
460
782
22
276
309
633
918
971
853
275
366
175
328
417
none
132
214
607
452
694
976
Case 3:
462
926
720
945
none
612
622
939
605
none
604
710
563
46
238
219
none
89
none
560
463
794
939
407
187
849
626
1003
689
332
435
190
290
Case 4:
871
580
391
471
747
947
871
583
596
1022
488
1008
808
836
599
647
162
882
273
102
900
82
501
759
45
881
885
282
513
226
13
637
666
360
413
961
813
180
149
Case 5:
385
638
none
none
659
704
981
963
none
none
none
545
140
1006
609
94
279
475
748
692
152
510
384
753
284
760
250
880
994
794
797
352
559
449
272
95
766
327
158
453
